odd squarefree n <= 300000: 121584
collisions for C={0,-2}: 653
   65 [5, 13] ~ 119 [7, 17]
   195 [3, 5, 13] ~ 357 [3, 7, 17]
   715 [5, 11, 13] ~ 1309 [7, 11, 17]
   1235 [5, 13, 19] ~ 2261 [7, 17, 19]
   1495 [5, 13, 23] ~ 2737 [7, 17, 23]
   1885 [5, 13, 29] ~ 3451 [7, 17, 29]
   2015 [5, 13, 31] ~ 3689 [7, 17, 31]
   2145 [3, 5, 11, 13] ~ 3927 [3, 7, 11, 17]
   2405 [5, 13, 37] ~ 4403 [7, 17, 37]
   2665 [5, 13, 41] ~ 4879 [7, 17, 41]
   2795 [5, 13, 43] ~ 5117 [7, 17, 43]
   3055 [5, 13, 47] ~ 5593 [7, 17, 47]
   3445 [5, 13, 53] ~ 6307 [7, 17, 53]
   3705 [3, 5, 13, 19] ~ 6783 [3, 7, 17, 19]
   3835 [5, 13, 59] ~ 7021 [7, 17, 59]
   3965 [5, 13, 61] ~ 7259 [7, 17, 61]
   4355 [5, 13, 67] ~ 7973 [7, 17, 67]
   4485 [3, 5, 13, 23] ~ 8211 [3, 7, 17, 23]
   4615 [5, 13, 71] ~ 8449 [7, 17, 71]
   4745 [5, 13, 73] ~ 8687 [7, 17, 73]
   5135 [5, 13, 79] ~ 9401 [7, 17, 79]
   5395 [5, 13, 83] ~ 9877 [7, 17, 83]
   5655 [3, 5, 13, 29] ~ 10353 [3, 7, 17, 29]
   5785 [5, 13, 89] ~ 10591 [7, 17, 89]
   6045 [3, 5, 13, 31] ~ 11067 [3, 7, 17, 31]
   6305 [5, 13, 97] ~ 11543 [7, 17, 97]
   6565 [5, 13, 101] ~ 12019 [7, 17, 101]
   6695 [5, 13, 103] ~ 12257 [7, 17, 103]
   6955 [5, 13, 107] ~ 12733 [7, 17, 107]
   7085 [5, 13, 109] ~ 12971 [7, 17, 109]
   7215 [3, 5, 13, 37] ~ 13209 [3, 7, 17, 37]
   7345 [5, 13, 113] ~ 13447 [7, 17, 113]
   7995 [3, 5, 13, 41] ~ 14637 [3, 7, 17, 41]
   8255 [5, 13, 127] ~ 15113 [7, 17, 127]
   8385 [3, 5, 13, 43] ~ 15351 [3, 7, 17, 43]
   8515 [5, 13, 131] ~ 15589 [7, 17, 131]
   8905 [5, 13, 137] ~ 16303 [7, 17, 137]
   9035 [5, 13, 139] ~ 16541 [7, 17, 139]
   9165 [3, 5, 13, 47] ~ 16779 [3, 7, 17, 47]
   9685 [5, 13, 149] ~ 17731 [7, 17, 149]
C={0} alone: 67695 distinct fingerprints; largest fibres [63, 47, 45, 45, 45, 41, 39, 39]
